1 8 1901
1 11 1901
1 8 1902
1 11 1902
1 8 1903
1 11 1903
1 5 1904
1 8 1905
1 11 1905
1 8 1906
1 11 1906
1 8 1907
1 11 1907
1 5 1908
1 8 1909
1 11 1909
1 8 1910
1 11 1910
1 8 1911
1 11 1911
1 5 1912
1 8 1913
1 11 1913
1 8 1914
1 11 1914
1 8 1915
1 11 1915
1 5 1916
1 8 1917
1 11 1917
1 8 1918
1 11 1918
1 8 1919
1 11 1919
1 5 1920
1 8 1921
1 11 1921
1 8 1922
1 11 1922
1 8 1923
1 11 1923
1 5 1924
1 8 1925
1 11 1925
1 8 1926
1 11 1926
1 8 1927
1 11 1927
1 5 1928
1 8 1929
1 11 1929
1 8 1930
1 11 1930
1 8 1931
1 11 1931
1 5 1932
1 8 1933
1 11 1933
1 8 1934
1 11 1934
1 8 1935
1 11 1935
1 5 1936
1 8 1937
1 11 1937
1 8 1938
1 11 1938
1 8 1939
1 11 1939
1 5 1940
1 8 1941
1 11 1941
1 8 1942
1 11 1942
1 8 1943
1 11 1943
1 5 1944
1 8 1945
1 11 1945
1 8 1946
1 11 1946
1 8 1947
1 11 1947
1 5 1948
1 8 1949
1 11 1949
1 8 1950
1 11 1950
1 8 1951
1 11 1951
1 5 1952
1 8 1953
1 11 1953
1 8 1954
1 11 1954
1 8 1955
1 11 1955
1 5 1956
1 8 1957
1 11 1957
1 8 1958
1 11 1958
1 8 1959
1 11 1959
1 5 1960
1 8 1961
1 11 1961
1 8 1962
1 11 1962
1 8 1963
1 11 1963
1 5 1964
1 8 1965
1 11 1965
1 8 1966
1 11 1966
1 8 1967
1 11 1967
1 5 1968
1 8 1969
1 11 1969
1 8 1970
1 11 1970
1 8 1971
1 11 1971
1 5 1972
1 8 1973
1 11 1973
1 8 1974
1 11 1974
1 8 1975
1 11 1975
1 5 1976
1 8 1977
1 11 1977
1 8 1978
1 11 1978
1 8 1979
1 11 1979
1 5 1980
1 8 1981
1 11 1981
1 8 1982
1 11 1982
1 8 1983
1 11 1983
1 5 1984
1 8 1985
1 11 1985
1 8 1986
1 11 1986
1 8 1987
1 11 1987
1 5 1988
1 8 1989
1 11 1989
1 8 1990
1 11 1990
1 8 1991
1 11 1991
1 5 1992
1 8 1993
1 11 1993
1 8 1994
1 11 1994
1 8 1995
1 11 1995
1 5 1996
1 8 1997
1 11 1997
1 8 1998
1 11 1998
1 8 1999
1 11 1999
1 5 2000
175
